hori
3 3
1 2 3
4 5 6
7 8 9
3 3
7 8 9
4 5 6
1 2 3

vertikal
3 3
1 2 3
4 5 6
7 8 9
3 3
3 2 1
6 5 4
9 8 7

diag kanan bawah
3 3
1 2 3
4 5 6
7 8 9
3 3
1 4 7
2 5 8
3 6 9

diag kiri bawh
3 3
1 2 3
4 5 6
7 8 9
3 3
9 6 3
8 5 2
7 4 1

3 5
1 2 3 0 0
4 5 6 0 0
7 8 9 0 0
2 3
9 6 3
8 5 2

5 5
1 2 3 0 0
4 5 6 0 0
7 8 9 0 0
0 0 0 0 0
1 2 3 4 5
2 3
9 6 3
8 5 2
